# numero de partículas   :  500
# densidad               : 1.2000
# temperatura inicial    : 1.0000
# volumen                : 0.417E+03
# largo de la caja      :    0.746901E+01
# rcut                   : 2.5000
# paso temporal          : 0.0050
# pasos de equilibración :    2000
# pasos de medición      :   20000
# reescaleo de vel cada  :    1
# t, Ekin, Epot, Etot, Temp, Pres
   0.104950E+02    0.779542E+03   -0.343072E+04   -0.265118E+04    0.103939E+01    0.197775E+02
   0.109950E+02    0.780708E+03   -0.343209E+04   -0.265139E+04    0.104094E+01    0.197424E+02
   0.114950E+02    0.757201E+03   -0.340823E+04   -0.265103E+04    0.100960E+01    0.200162E+02
   0.119950E+02    0.757354E+03   -0.340850E+04   -0.265114E+04    0.100980E+01    0.200305E+02
   0.124950E+02    0.774949E+03   -0.342625E+04   -0.265130E+04    0.103326E+01    0.198447E+02
   0.129950E+02    0.754729E+03   -0.340594E+04   -0.265121E+04    0.100631E+01    0.200439E+02
   0.134950E+02    0.787734E+03   -0.343901E+04   -0.265127E+04    0.105031E+01    0.197065E+02
   0.139950E+02    0.758174E+03   -0.340955E+04   -0.265137E+04    0.101090E+01    0.200092E+02
   0.144950E+02    0.756599E+03   -0.340780E+04   -0.265120E+04    0.100880E+01    0.200200E+02
   0.149950E+02    0.759650E+03   -0.341082E+04   -0.265117E+04    0.101287E+01    0.199799E+02
   0.154950E+02    0.720126E+03   -0.337108E+04   -0.265096E+04    0.960168E+00    0.203830E+02
   0.159950E+02    0.797755E+03   -0.344919E+04   -0.265144E+04    0.106367E+01    0.196120E+02
   0.164950E+02    0.770870E+03   -0.342214E+04   -0.265127E+04    0.102783E+01    0.198811E+02
   0.169950E+02    0.728417E+03   -0.337934E+04   -0.265092E+04    0.971223E+00    0.203048E+02
   0.174950E+02    0.701896E+03   -0.335260E+04   -0.265070E+04    0.935861E+00    0.205646E+02
   0.179950E+02    0.757228E+03   -0.340834E+04   -0.265111E+04    0.100964E+01    0.200277E+02
   0.184950E+02    0.757275E+03   -0.340847E+04   -0.265120E+04    0.100970E+01    0.200101E+02
   0.189950E+02    0.775320E+03   -0.342649E+04   -0.265117E+04    0.103376E+01    0.198051E+02
   0.194950E+02    0.793318E+03   -0.344467E+04   -0.265135E+04    0.105776E+01    0.196499E+02
   0.199950E+02    0.747327E+03   -0.339829E+04   -0.265096E+04    0.996436E+00    0.201055E+02
   0.204950E+02    0.741339E+03   -0.339252E+04   -0.265118E+04    0.988452E+00    0.201876E+02
   0.209950E+02    0.775730E+03   -0.342696E+04   -0.265123E+04    0.103431E+01    0.198180E+02
   0.214950E+02    0.748725E+03   -0.339980E+04   -0.265108E+04    0.998300E+00    0.201149E+02
   0.219950E+02    0.766826E+03   -0.341805E+04   -0.265123E+04    0.102243E+01    0.198768E+02
   0.224950E+02    0.739857E+03   -0.339084E+04   -0.265098E+04    0.986476E+00    0.201736E+02
   0.229950E+02    0.742780E+03   -0.339383E+04   -0.265105E+04    0.990373E+00    0.201630E+02
   0.234950E+02    0.764472E+03   -0.341571E+04   -0.265124E+04    0.101930E+01    0.199602E+02
   0.239950E+02    0.714025E+03   -0.336493E+04   -0.265090E+04    0.952033E+00    0.204598E+02
   0.244950E+02    0.755855E+03   -0.340677E+04   -0.265091E+04    0.100781E+01    0.200276E+02
   0.249950E+02    0.750113E+03   -0.340120E+04   -0.265109E+04    0.100015E+01    0.200764E+02
   0.254950E+02    0.739512E+03   -0.339040E+04   -0.265089E+04    0.986016E+00    0.202261E+02
   0.259950E+02    0.750698E+03   -0.340179E+04   -0.265110E+04    0.100093E+01    0.200965E+02
   0.264950E+02    0.726121E+03   -0.337691E+04   -0.265079E+04    0.968162E+00    0.203442E+02
   0.269950E+02    0.764424E+03   -0.341554E+04   -0.265112E+04    0.101923E+01    0.199669E+02
   0.274950E+02    0.765527E+03   -0.341667E+04   -0.265115E+04    0.102070E+01    0.199228E+02
   0.279950E+02    0.758344E+03   -0.340949E+04   -0.265114E+04    0.101113E+01    0.200008E+02
   0.284950E+02    0.748943E+03   -0.340010E+04   -0.265116E+04    0.998591E+00    0.201009E+02
   0.289950E+02    0.742567E+03   -0.339353E+04   -0.265096E+04    0.990089E+00    0.201794E+02
   0.294950E+02    0.728073E+03   -0.337903E+04   -0.265096E+04    0.970764E+00    0.203242E+02
   0.299950E+02    0.746172E+03   -0.339724E+04   -0.265107E+04    0.994896E+00    0.201295E+02
   0.304950E+02    0.787959E+03   -0.343931E+04   -0.265136E+04    0.105061E+01    0.197010E+02
   0.309950E+02    0.730561E+03   -0.338158E+04   -0.265102E+04    0.974082E+00    0.203099E+02
   0.314950E+02    0.788813E+03   -0.344002E+04   -0.265121E+04    0.105175E+01    0.196965E+02
   0.319950E+02    0.753643E+03   -0.340474E+04   -0.265110E+04    0.100486E+01    0.200769E+02
   0.324950E+02    0.773820E+03   -0.342514E+04   -0.265133E+04    0.103176E+01    0.198338E+02
   0.329950E+02    0.745602E+03   -0.339676E+04   -0.265115E+04    0.994136E+00    0.201468E+02
   0.334950E+02    0.762777E+03   -0.341402E+04   -0.265124E+04    0.101704E+01    0.199509E+02
   0.339950E+02    0.785054E+03   -0.343642E+04   -0.265137E+04    0.104674E+01    0.197407E+02
   0.344950E+02    0.769549E+03   -0.342091E+04   -0.265137E+04    0.102606E+01    0.199154E+02
   0.349950E+02    0.770931E+03   -0.342229E+04   -0.265136E+04    0.102791E+01    0.198964E+02
   0.354950E+02    0.771360E+03   -0.342264E+04   -0.265128E+04    0.102848E+01    0.199151E+02
   0.359950E+02    0.761994E+03   -0.341327E+04   -0.265127E+04    0.101599E+01    0.199888E+02
   0.364950E+02    0.765494E+03   -0.341671E+04   -0.265122E+04    0.102066E+01    0.199386E+02
   0.369950E+02    0.748433E+03   -0.339961E+04   -0.265118E+04    0.997910E+00    0.201199E+02
   0.374950E+02    0.766954E+03   -0.341824E+04   -0.265128E+04    0.102261E+01    0.199119E+02
   0.379950E+02    0.769977E+03   -0.342126E+04   -0.265128E+04    0.102664E+01    0.198788E+02
   0.384950E+02    0.765825E+03   -0.341709E+04   -0.265126E+04    0.102110E+01    0.199394E+02
   0.389950E+02    0.796850E+03   -0.344842E+04   -0.265157E+04    0.106247E+01    0.196151E+02
   0.394950E+02    0.754186E+03   -0.340546E+04   -0.265127E+04    0.100558E+01    0.200357E+02
   0.399950E+02    0.758562E+03   -0.340970E+04   -0.265114E+04    0.101142E+01    0.199753E+02
   0.404950E+02    0.772920E+03   -0.342399E+04   -0.265107E+04    0.103056E+01    0.198667E+02
   0.409950E+02    0.745641E+03   -0.339680E+04   -0.265116E+04    0.994188E+00    0.201212E+02
   0.414950E+02    0.754309E+03   -0.340543E+04   -0.265112E+04    0.100575E+01    0.200478E+02
   0.419950E+02    0.730601E+03   -0.338172E+04   -0.265112E+04    0.974135E+00    0.202959E+02
   0.424950E+02    0.745501E+03   -0.339668E+04   -0.265118E+04    0.994001E+00    0.201543E+02
   0.429950E+02    0.752491E+03   -0.340373E+04   -0.265124E+04    0.100332E+01    0.200484E+02
   0.434950E+02    0.753883E+03   -0.340524E+04   -0.265135E+04    0.100518E+01    0.200441E+02
   0.439950E+02    0.747160E+03   -0.339826E+04   -0.265110E+04    0.996213E+00    0.201159E+02
   0.444950E+02    0.764649E+03   -0.341585E+04   -0.265120E+04    0.101953E+01    0.199498E+02
   0.449950E+02    0.746644E+03   -0.339785E+04   -0.265120E+04    0.995525E+00    0.201344E+02
   0.454950E+02    0.752423E+03   -0.340374E+04   -0.265132E+04    0.100323E+01    0.200738E+02
   0.459950E+02    0.742995E+03   -0.339413E+04   -0.265114E+04    0.990660E+00    0.201311E+02
   0.464950E+02    0.754212E+03   -0.340531E+04   -0.265110E+04    0.100562E+01    0.200520E+02
   0.469950E+02    0.760357E+03   -0.341165E+04   -0.265129E+04    0.101381E+01    0.199797E+02
   0.474950E+02    0.769567E+03   -0.342079E+04   -0.265123E+04    0.102609E+01    0.199267E+02
   0.479950E+02    0.819892E+03   -0.347148E+04   -0.265158E+04    0.109319E+01    0.193915E+02
   0.484950E+02    0.798684E+03   -0.345009E+04   -0.265141E+04    0.106491E+01    0.196015E+02
   0.489950E+02    0.776140E+03   -0.342758E+04   -0.265144E+04    0.103485E+01    0.198098E+02
   0.494950E+02    0.752535E+03   -0.340371E+04   -0.265117E+04    0.100338E+01    0.200666E+02
   0.499950E+02    0.773914E+03   -0.342530E+04   -0.265139E+04    0.103189E+01    0.198567E+02
   0.504950E+02    0.759750E+03   -0.341090E+04   -0.265115E+04    0.101300E+01    0.199840E+02
   0.509950E+02    0.761606E+03   -0.341295E+04   -0.265135E+04    0.101548E+01    0.199699E+02
   0.514950E+02    0.724369E+03   -0.337540E+04   -0.265103E+04    0.965826E+00    0.203406E+02
   0.519950E+02    0.744090E+03   -0.339529E+04   -0.265120E+04    0.992120E+00    0.201631E+02
   0.524950E+02    0.768853E+03   -0.342028E+04   -0.265143E+04    0.102514E+01    0.198840E+02
   0.529950E+02    0.731430E+03   -0.338278E+04   -0.265135E+04    0.975240E+00    0.202722E+02
   0.534950E+02    0.747900E+03   -0.339912E+04   -0.265123E+04    0.997199E+00    0.201062E+02
   0.539950E+02    0.732820E+03   -0.338397E+04   -0.265115E+04    0.977093E+00    0.202394E+02
   0.544950E+02    0.751025E+03   -0.340224E+04   -0.265121E+04    0.100137E+01    0.200715E+02
   0.549950E+02    0.778537E+03   -0.342957E+04   -0.265103E+04    0.103805E+01    0.197969E+02
   0.554950E+02    0.740505E+03   -0.339174E+04   -0.265123E+04    0.987340E+00    0.201626E+02
   0.559950E+02    0.774149E+03   -0.342543E+04   -0.265128E+04    0.103220E+01    0.198327E+02
   0.564950E+02    0.743366E+03   -0.339455E+04   -0.265118E+04    0.991154E+00    0.201479E+02
   0.569950E+02    0.765221E+03   -0.341637E+04   -0.265115E+04    0.102029E+01    0.199377E+02
   0.574950E+02    0.753628E+03   -0.340481E+04   -0.265118E+04    0.100484E+01    0.200724E+02
   0.579950E+02    0.764104E+03   -0.341529E+04   -0.265119E+04    0.101881E+01    0.199669E+02
   0.584950E+02    0.746332E+03   -0.339734E+04   -0.265100E+04    0.995109E+00    0.201069E+02
   0.589950E+02    0.749877E+03   -0.340103E+04   -0.265115E+04    0.999837E+00    0.200650E+02
   0.594950E+02    0.770642E+03   -0.342197E+04   -0.265132E+04    0.102752E+01    0.198630E+02
   0.599950E+02    0.755525E+03   -0.340681E+04   -0.265128E+04    0.100737E+01    0.200450E+02
   0.604950E+02    0.760815E+03   -0.341209E+04   -0.265127E+04    0.101442E+01    0.199440E+02
   0.609950E+02    0.747677E+03   -0.339881E+04   -0.265113E+04    0.996903E+00    0.201332E+02
   0.614950E+02    0.773265E+03   -0.342449E+04   -0.265122E+04    0.103102E+01    0.198495E+02
   0.619950E+02    0.748347E+03   -0.339955E+04   -0.265121E+04    0.997797E+00    0.201193E+02
   0.624950E+02    0.748780E+03   -0.339976E+04   -0.265099E+04    0.998373E+00    0.200984E+02
   0.629950E+02    0.748940E+03   -0.339999E+04   -0.265105E+04    0.998587E+00    0.201091E+02
   0.634950E+02    0.783540E+03   -0.343500E+04   -0.265146E+04    0.104472E+01    0.197229E+02
   0.639950E+02    0.751030E+03   -0.340218E+04   -0.265115E+04    0.100137E+01    0.200781E+02
   0.644950E+02    0.771742E+03   -0.342297E+04   -0.265123E+04    0.102899E+01    0.198713E+02
   0.649950E+02    0.750831E+03   -0.340208E+04   -0.265125E+04    0.100111E+01    0.200907E+02
   0.654950E+02    0.752962E+03   -0.340420E+04   -0.265124E+04    0.100395E+01    0.200553E+02
   0.659950E+02    0.758281E+03   -0.340955E+04   -0.265126E+04    0.101104E+01    0.200397E+02
   0.664950E+02    0.767191E+03   -0.341836E+04   -0.265117E+04    0.102292E+01    0.199230E+02
   0.669950E+02    0.759091E+03   -0.341033E+04   -0.265124E+04    0.101212E+01    0.200033E+02
   0.674950E+02    0.789150E+03   -0.344051E+04   -0.265136E+04    0.105220E+01    0.196934E+02
   0.679950E+02    0.740344E+03   -0.339142E+04   -0.265107E+04    0.987125E+00    0.201782E+02
   0.684950E+02    0.761372E+03   -0.341246E+04   -0.265109E+04    0.101516E+01    0.199835E+02
   0.689950E+02    0.749813E+03   -0.340091E+04   -0.265110E+04    0.999750E+00    0.200946E+02
   0.694950E+02    0.764145E+03   -0.341527E+04   -0.265112E+04    0.101886E+01    0.199804E+02
   0.699950E+02    0.784285E+03   -0.343555E+04   -0.265126E+04    0.104571E+01    0.197472E+02
   0.704950E+02    0.753610E+03   -0.340480E+04   -0.265119E+04    0.100481E+01    0.200371E+02
   0.709950E+02    0.766299E+03   -0.341744E+04   -0.265114E+04    0.102173E+01    0.199332E+02
   0.714950E+02    0.727529E+03   -0.337846E+04   -0.265093E+04    0.970039E+00    0.203448E+02
   0.719950E+02    0.742195E+03   -0.339317E+04   -0.265097E+04    0.989594E+00    0.202006E+02
   0.724950E+02    0.744695E+03   -0.339589E+04   -0.265120E+04    0.992926E+00    0.201869E+02
   0.729950E+02    0.743855E+03   -0.339488E+04   -0.265103E+04    0.991806E+00    0.201557E+02
   0.734950E+02    0.742786E+03   -0.339404E+04   -0.265125E+04    0.990381E+00    0.201543E+02
   0.739950E+02    0.784270E+03   -0.343567E+04   -0.265140E+04    0.104569E+01    0.197540E+02
   0.744950E+02    0.745617E+03   -0.339659E+04   -0.265097E+04    0.994157E+00    0.201605E+02
   0.749950E+02    0.738507E+03   -0.338962E+04   -0.265112E+04    0.984676E+00    0.201905E+02
   0.754950E+02    0.762054E+03   -0.341335E+04   -0.265130E+04    0.101607E+01    0.199689E+02
   0.759950E+02    0.718807E+03   -0.336981E+04   -0.265101E+04    0.958409E+00    0.203978E+02
   0.764950E+02    0.752294E+03   -0.340351E+04   -0.265122E+04    0.100306E+01    0.200876E+02
   0.769950E+02    0.743918E+03   -0.339503E+04   -0.265111E+04    0.991890E+00    0.201844E+02
   0.774950E+02    0.761852E+03   -0.341304E+04   -0.265119E+04    0.101580E+01    0.199728E+02
   0.779950E+02    0.749675E+03   -0.340077E+04   -0.265110E+04    0.999567E+00    0.200972E+02
   0.784950E+02    0.779738E+03   -0.343115E+04   -0.265141E+04    0.103965E+01    0.197854E+02
   0.789950E+02    0.724125E+03   -0.337518E+04   -0.265105E+04    0.965500E+00    0.203420E+02
   0.794950E+02    0.775708E+03   -0.342699E+04   -0.265128E+04    0.103428E+01    0.198550E+02
   0.799950E+02    0.755528E+03   -0.340673E+04   -0.265120E+04    0.100737E+01    0.200565E+02
   0.804950E+02    0.770839E+03   -0.342223E+04   -0.265139E+04    0.102779E+01    0.198777E+02
   0.809950E+02    0.748179E+03   -0.339931E+04   -0.265113E+04    0.997572E+00    0.200952E+02
   0.814950E+02    0.765702E+03   -0.341712E+04   -0.265141E+04    0.102094E+01    0.199305E+02
   0.819950E+02    0.763273E+03   -0.341445E+04   -0.265118E+04    0.101770E+01    0.199556E+02
   0.824950E+02    0.801790E+03   -0.345321E+04   -0.265142E+04    0.106905E+01    0.195611E+02
   0.829950E+02    0.786188E+03   -0.343744E+04   -0.265125E+04    0.104825E+01    0.197175E+02
   0.834950E+02    0.753753E+03   -0.340494E+04   -0.265119E+04    0.100500E+01    0.200523E+02
   0.839950E+02    0.747845E+03   -0.339916E+04   -0.265132E+04    0.997127E+00    0.201122E+02
   0.844950E+02    0.788722E+03   -0.343996E+04   -0.265123E+04    0.105163E+01    0.197079E+02
   0.849950E+02    0.728461E+03   -0.337959E+04   -0.265113E+04    0.971282E+00    0.203205E+02
   0.854950E+02    0.768785E+03   -0.342004E+04   -0.265125E+04    0.102505E+01    0.199115E+02
   0.859950E+02    0.748387E+03   -0.339948E+04   -0.265110E+04    0.997849E+00    0.201509E+02
   0.864950E+02    0.750368E+03   -0.340144E+04   -0.265107E+04    0.100049E+01    0.201087E+02
   0.869950E+02    0.784135E+03   -0.343541E+04   -0.265128E+04    0.104551E+01    0.197421E+02
   0.874950E+02    0.772046E+03   -0.342339E+04   -0.265134E+04    0.102939E+01    0.198557E+02
   0.879950E+02    0.762872E+03   -0.341415E+04   -0.265127E+04    0.101716E+01    0.199535E+02
   0.884950E+02    0.779226E+03   -0.343041E+04   -0.265118E+04    0.103897E+01    0.197828E+02
   0.889950E+02    0.746929E+03   -0.339802E+04   -0.265109E+04    0.995905E+00    0.201277E+02
   0.894950E+02    0.714284E+03   -0.336513E+04   -0.265084E+04    0.952379E+00    0.204568E+02
   0.899950E+02    0.753077E+03   -0.340421E+04   -0.265114E+04    0.100410E+01    0.200764E+02
   0.904950E+02    0.803017E+03   -0.345452E+04   -0.265150E+04    0.107069E+01    0.195550E+02
   0.909950E+02    0.781795E+03   -0.343294E+04   -0.265115E+04    0.104239E+01    0.198018E+02
   0.914950E+02    0.721260E+03   -0.337213E+04   -0.265087E+04    0.961680E+00    0.204020E+02
   0.919950E+02    0.759238E+03   -0.341044E+04   -0.265121E+04    0.101232E+01    0.199952E+02
   0.924950E+02    0.747839E+03   -0.339891E+04   -0.265107E+04    0.997119E+00    0.201141E+02
   0.929950E+02    0.775778E+03   -0.342702E+04   -0.265124E+04    0.103437E+01    0.198100E+02
   0.934950E+02    0.752593E+03   -0.340380E+04   -0.265121E+04    0.100346E+01    0.200623E+02
   0.939950E+02    0.750389E+03   -0.340179E+04   -0.265140E+04    0.100052E+01    0.201041E+02
   0.944950E+02    0.751101E+03   -0.340226E+04   -0.265116E+04    0.100147E+01    0.201011E+02
   0.949950E+02    0.756350E+03   -0.340768E+04   -0.265133E+04    0.100847E+01    0.200480E+02
   0.954950E+02    0.760665E+03   -0.341174E+04   -0.265108E+04    0.101422E+01    0.199890E+02
   0.959950E+02    0.765251E+03   -0.341633E+04   -0.265108E+04    0.102034E+01    0.199408E+02
   0.964950E+02    0.755371E+03   -0.340658E+04   -0.265121E+04    0.100716E+01    0.200446E+02
   0.969950E+02    0.764190E+03   -0.341546E+04   -0.265127E+04    0.101892E+01    0.199420E+02
   0.974950E+02    0.736689E+03   -0.338777E+04   -0.265108E+04    0.982252E+00    0.202017E+02
   0.979950E+02    0.766386E+03   -0.341765E+04   -0.265127E+04    0.102185E+01    0.199116E+02
   0.984950E+02    0.763894E+03   -0.341501E+04   -0.265112E+04    0.101853E+01    0.199466E+02
   0.989950E+02    0.761173E+03   -0.341234E+04   -0.265117E+04    0.101490E+01    0.199957E+02
   0.994950E+02    0.747912E+03   -0.339884E+04   -0.265093E+04    0.997216E+00    0.200963E+02
   0.999950E+02    0.735262E+03   -0.338645E+04   -0.265119E+04    0.980349E+00    0.202372E+02
   0.100495E+03    0.746889E+03   -0.339794E+04   -0.265105E+04    0.995852E+00    0.201340E+02
   0.100995E+03    0.767697E+03   -0.341901E+04   -0.265131E+04    0.102360E+01    0.198904E+02
   0.101495E+03    0.783526E+03   -0.343477E+04   -0.265124E+04    0.104470E+01    0.197536E+02
   0.101995E+03    0.747789E+03   -0.339878E+04   -0.265100E+04    0.997053E+00    0.201202E+02
   0.102495E+03    0.755072E+03   -0.340629E+04   -0.265122E+04    0.100676E+01    0.200552E+02
   0.102995E+03    0.750152E+03   -0.340149E+04   -0.265134E+04    0.100020E+01    0.200957E+02
   0.103495E+03    0.770148E+03   -0.342141E+04   -0.265126E+04    0.102686E+01    0.198665E+02
   0.103995E+03    0.779753E+03   -0.343097E+04   -0.265121E+04    0.103967E+01    0.197973E+02
   0.104495E+03    0.711598E+03   -0.336256E+04   -0.265096E+04    0.948798E+00    0.204598E+02
   0.104995E+03    0.730612E+03   -0.338177E+04   -0.265116E+04    0.974149E+00    0.202705E+02
   0.105495E+03    0.732563E+03   -0.338369E+04   -0.265113E+04    0.976751E+00    0.202447E+02
   0.105995E+03    0.772402E+03   -0.342352E+04   -0.265112E+04    0.102987E+01    0.198509E+02
   0.106495E+03    0.809284E+03   -0.346059E+04   -0.265131E+04    0.107905E+01    0.194662E+02
   0.106995E+03    0.765123E+03   -0.341641E+04   -0.265129E+04    0.102016E+01    0.199370E+02
   0.107495E+03    0.759889E+03   -0.341113E+04   -0.265124E+04    0.101319E+01    0.199841E+02
   0.107995E+03    0.783120E+03   -0.343441E+04   -0.265129E+04    0.104416E+01    0.197592E+02
   0.108495E+03    0.735916E+03   -0.338687E+04   -0.265095E+04    0.981222E+00    0.202087E+02
   0.108995E+03    0.764538E+03   -0.341582E+04   -0.265129E+04    0.101938E+01    0.199396E+02
   0.109495E+03    0.772588E+03   -0.342388E+04   -0.265129E+04    0.103012E+01    0.198562E+02
   0.109995E+03    0.761820E+03   -0.341300E+04   -0.265118E+04    0.101576E+01    0.199688E+02
