# numero de partículas   :  500
# densidad               : 0.8000
# temperatura inicial    : 1.0000
# volumen                : 0.625E+03
# largo de la caja      :    0.854988E+01
# rcut                   : 2.5000
# paso temporal          : 0.0050
# pasos de equilibración :    2000
# pasos de medición      :   20000
# reescaleo de vel cada  :    1
# t, Ekin, Epot, Etot, Temp, Pres
   0.104950E+02    0.774104E+03   -0.276747E+04   -0.199336E+04    0.103214E+01    0.104271E+01
   0.109950E+02    0.769011E+03   -0.276240E+04   -0.199338E+04    0.102535E+01    0.100641E+01
   0.114950E+02    0.773901E+03   -0.276735E+04   -0.199345E+04    0.103187E+01    0.111970E+01
   0.119950E+02    0.789127E+03   -0.278270E+04   -0.199357E+04    0.105217E+01    0.981172E+00
   0.124950E+02    0.756514E+03   -0.274995E+04   -0.199344E+04    0.100869E+01    0.127888E+01
   0.129950E+02    0.781686E+03   -0.277507E+04   -0.199339E+04    0.104225E+01    0.108923E+01
   0.134950E+02    0.781503E+03   -0.277491E+04   -0.199341E+04    0.104200E+01    0.107386E+01
   0.139950E+02    0.762255E+03   -0.275567E+04   -0.199342E+04    0.101634E+01    0.114682E+01
   0.144950E+02    0.765788E+03   -0.275923E+04   -0.199344E+04    0.102105E+01    0.114096E+01
   0.149950E+02    0.730667E+03   -0.272389E+04   -0.199322E+04    0.974223E+00    0.146902E+01
   0.154950E+02    0.760223E+03   -0.275363E+04   -0.199340E+04    0.101363E+01    0.121955E+01
   0.159950E+02    0.795818E+03   -0.278927E+04   -0.199345E+04    0.106109E+01    0.862951E+00
   0.164950E+02    0.767110E+03   -0.276053E+04   -0.199342E+04    0.102281E+01    0.104774E+01
   0.169950E+02    0.716397E+03   -0.270964E+04   -0.199324E+04    0.955197E+00    0.157434E+01
   0.174950E+02    0.784871E+03   -0.277828E+04   -0.199341E+04    0.104649E+01    0.979336E+00
   0.179950E+02    0.747692E+03   -0.274105E+04   -0.199335E+04    0.996922E+00    0.136031E+01
   0.184950E+02    0.785015E+03   -0.277847E+04   -0.199346E+04    0.104669E+01    0.101398E+01
   0.189950E+02    0.771191E+03   -0.276457E+04   -0.199338E+04    0.102825E+01    0.108328E+01
   0.194950E+02    0.793571E+03   -0.278692E+04   -0.199335E+04    0.105809E+01    0.921235E+00
   0.199950E+02    0.791065E+03   -0.278457E+04   -0.199351E+04    0.105475E+01    0.990112E+00
   0.204950E+02    0.792796E+03   -0.278612E+04   -0.199332E+04    0.105706E+01    0.862589E+00
   0.209950E+02    0.750480E+03   -0.274388E+04   -0.199340E+04    0.100064E+01    0.132599E+01
   0.214950E+02    0.785840E+03   -0.277927E+04   -0.199343E+04    0.104779E+01    0.103972E+01
   0.219950E+02    0.787385E+03   -0.278090E+04   -0.199351E+04    0.104985E+01    0.105189E+01
   0.224950E+02    0.774879E+03   -0.276828E+04   -0.199341E+04    0.103317E+01    0.972004E+00
   0.229950E+02    0.766396E+03   -0.275977E+04   -0.199337E+04    0.102186E+01    0.112660E+01
   0.234950E+02    0.785861E+03   -0.277913E+04   -0.199327E+04    0.104781E+01    0.925409E+00
   0.239950E+02    0.755334E+03   -0.274858E+04   -0.199324E+04    0.100711E+01    0.114258E+01
   0.244950E+02    0.778644E+03   -0.277213E+04   -0.199349E+04    0.103819E+01    0.107601E+01
   0.249950E+02    0.762523E+03   -0.275587E+04   -0.199335E+04    0.101670E+01    0.108609E+01
   0.254950E+02    0.766581E+03   -0.275995E+04   -0.199337E+04    0.102211E+01    0.113246E+01
   0.259950E+02    0.796272E+03   -0.278967E+04   -0.199340E+04    0.106170E+01    0.100719E+01
   0.264950E+02    0.721486E+03   -0.271486E+04   -0.199337E+04    0.961981E+00    0.152240E+01
   0.269950E+02    0.781758E+03   -0.277516E+04   -0.199340E+04    0.104234E+01    0.109458E+01
   0.274950E+02    0.765167E+03   -0.275844E+04   -0.199327E+04    0.102022E+01    0.116092E+01
   0.279950E+02    0.773713E+03   -0.276703E+04   -0.199331E+04    0.103162E+01    0.111203E+01
   0.284950E+02    0.760208E+03   -0.275363E+04   -0.199342E+04    0.101361E+01    0.129077E+01
   0.289950E+02    0.794613E+03   -0.278797E+04   -0.199335E+04    0.105948E+01    0.880569E+00
   0.294950E+02    0.780869E+03   -0.277418E+04   -0.199331E+04    0.104116E+01    0.865515E+00
   0.299950E+02    0.781064E+03   -0.277450E+04   -0.199344E+04    0.104142E+01    0.101331E+01
   0.304950E+02    0.760111E+03   -0.275335E+04   -0.199324E+04    0.101348E+01    0.124324E+01
   0.309950E+02    0.780447E+03   -0.277387E+04   -0.199342E+04    0.104060E+01    0.990453E+00
   0.314950E+02    0.774127E+03   -0.276747E+04   -0.199334E+04    0.103217E+01    0.101404E+01
   0.319950E+02    0.759142E+03   -0.275261E+04   -0.199347E+04    0.101219E+01    0.115106E+01
   0.324950E+02    0.758657E+03   -0.275193E+04   -0.199328E+04    0.101154E+01    0.121221E+01
   0.329950E+02    0.741456E+03   -0.273464E+04   -0.199318E+04    0.988609E+00    0.142824E+01
   0.334950E+02    0.775905E+03   -0.276926E+04   -0.199336E+04    0.103454E+01    0.108462E+01
   0.339950E+02    0.763768E+03   -0.275704E+04   -0.199328E+04    0.101836E+01    0.116267E+01
   0.344950E+02    0.758705E+03   -0.275200E+04   -0.199330E+04    0.101161E+01    0.121009E+01
   0.349950E+02    0.800142E+03   -0.279354E+04   -0.199340E+04    0.106686E+01    0.862686E+00
   0.354950E+02    0.785300E+03   -0.277865E+04   -0.199335E+04    0.104707E+01    0.999666E+00
   0.359950E+02    0.730847E+03   -0.272407E+04   -0.199323E+04    0.974463E+00    0.143629E+01
   0.364950E+02    0.776846E+03   -0.277014E+04   -0.199330E+04    0.103579E+01    0.107660E+01
   0.369950E+02    0.749497E+03   -0.274277E+04   -0.199327E+04    0.999330E+00    0.140660E+01
   0.374950E+02    0.775113E+03   -0.276843E+04   -0.199332E+04    0.103348E+01    0.114755E+01
   0.379950E+02    0.793848E+03   -0.278721E+04   -0.199336E+04    0.105846E+01    0.910210E+00
   0.384950E+02    0.760432E+03   -0.275374E+04   -0.199331E+04    0.101391E+01    0.137025E+01
   0.389950E+02    0.769512E+03   -0.276293E+04   -0.199342E+04    0.102602E+01    0.116658E+01
   0.394950E+02    0.785319E+03   -0.277871E+04   -0.199339E+04    0.104709E+01    0.102986E+01
   0.399950E+02    0.765928E+03   -0.275922E+04   -0.199329E+04    0.102124E+01    0.117823E+01
   0.404950E+02    0.757420E+03   -0.275074E+04   -0.199332E+04    0.100989E+01    0.125096E+01
   0.409950E+02    0.781909E+03   -0.277534E+04   -0.199343E+04    0.104255E+01    0.998404E+00
   0.414950E+02    0.774790E+03   -0.276810E+04   -0.199331E+04    0.103305E+01    0.100473E+01
   0.419950E+02    0.766248E+03   -0.275960E+04   -0.199335E+04    0.102166E+01    0.109843E+01
   0.424950E+02    0.776836E+03   -0.277009E+04   -0.199326E+04    0.103578E+01    0.111607E+01
   0.429950E+02    0.790095E+03   -0.278346E+04   -0.199337E+04    0.105346E+01    0.979343E+00
   0.434950E+02    0.763664E+03   -0.275697E+04   -0.199331E+04    0.101822E+01    0.117463E+01
   0.439950E+02    0.761205E+03   -0.275444E+04   -0.199324E+04    0.101494E+01    0.116931E+01
   0.444950E+02    0.754232E+03   -0.274749E+04   -0.199326E+04    0.100564E+01    0.132459E+01
   0.449950E+02    0.790770E+03   -0.278421E+04   -0.199344E+04    0.105436E+01    0.921131E+00
   0.454950E+02    0.759691E+03   -0.275290E+04   -0.199321E+04    0.101292E+01    0.115183E+01
   0.459950E+02    0.774711E+03   -0.276801E+04   -0.199330E+04    0.103295E+01    0.115142E+01
   0.464950E+02    0.769056E+03   -0.276233E+04   -0.199328E+04    0.102541E+01    0.114717E+01
   0.469950E+02    0.775441E+03   -0.276872E+04   -0.199328E+04    0.103392E+01    0.101064E+01
   0.474950E+02    0.776302E+03   -0.276958E+04   -0.199327E+04    0.103507E+01    0.112676E+01
   0.479950E+02    0.740123E+03   -0.273335E+04   -0.199323E+04    0.986831E+00    0.130878E+01
   0.484950E+02    0.792647E+03   -0.278592E+04   -0.199328E+04    0.105686E+01    0.863686E+00
   0.489950E+02    0.758540E+03   -0.275183E+04   -0.199329E+04    0.101139E+01    0.114361E+01
   0.494950E+02    0.772766E+03   -0.276594E+04   -0.199317E+04    0.103035E+01    0.941337E+00
   0.499950E+02    0.754241E+03   -0.274742E+04   -0.199318E+04    0.100565E+01    0.121569E+01
   0.504950E+02    0.796347E+03   -0.278979E+04   -0.199345E+04    0.106180E+01    0.856893E+00
   0.509950E+02    0.800609E+03   -0.279389E+04   -0.199328E+04    0.106748E+01    0.810090E+00
   0.514950E+02    0.759404E+03   -0.275262E+04   -0.199322E+04    0.101254E+01    0.121948E+01
   0.519950E+02    0.774090E+03   -0.276748E+04   -0.199339E+04    0.103212E+01    0.128683E+01
   0.524950E+02    0.776908E+03   -0.277026E+04   -0.199335E+04    0.103588E+01    0.106742E+01
   0.529950E+02    0.769265E+03   -0.276268E+04   -0.199341E+04    0.102569E+01    0.115380E+01
   0.534950E+02    0.790754E+03   -0.278410E+04   -0.199334E+04    0.105434E+01    0.914501E+00
   0.539950E+02    0.755165E+03   -0.274845E+04   -0.199329E+04    0.100689E+01    0.125188E+01
   0.544950E+02    0.745580E+03   -0.273887E+04   -0.199329E+04    0.994107E+00    0.126551E+01
   0.549950E+02    0.769512E+03   -0.276279E+04   -0.199328E+04    0.102602E+01    0.117714E+01
   0.554950E+02    0.737576E+03   -0.273084E+04   -0.199327E+04    0.983434E+00    0.139091E+01
   0.559950E+02    0.771081E+03   -0.276444E+04   -0.199336E+04    0.102811E+01    0.113681E+01
   0.564950E+02    0.756934E+03   -0.275024E+04   -0.199330E+04    0.100925E+01    0.126403E+01
   0.569950E+02    0.741829E+03   -0.273500E+04   -0.199317E+04    0.989105E+00    0.135112E+01
   0.574950E+02    0.745836E+03   -0.273909E+04   -0.199325E+04    0.994448E+00    0.135387E+01
   0.579950E+02    0.745759E+03   -0.273898E+04   -0.199322E+04    0.994345E+00    0.137653E+01
   0.584950E+02    0.759828E+03   -0.275304E+04   -0.199321E+04    0.101310E+01    0.122541E+01
   0.589950E+02    0.798709E+03   -0.279204E+04   -0.199333E+04    0.106495E+01    0.900136E+00
   0.594950E+02    0.781171E+03   -0.277437E+04   -0.199320E+04    0.104156E+01    0.102077E+01
   0.599950E+02    0.762031E+03   -0.275527E+04   -0.199323E+04    0.101604E+01    0.124674E+01
   0.604950E+02    0.793790E+03   -0.278702E+04   -0.199323E+04    0.105839E+01    0.107224E+01
   0.609950E+02    0.784096E+03   -0.277737E+04   -0.199327E+04    0.104546E+01    0.100899E+01
   0.614950E+02    0.773592E+03   -0.276691E+04   -0.199332E+04    0.103146E+01    0.111887E+01
   0.619950E+02    0.776791E+03   -0.277000E+04   -0.199321E+04    0.103572E+01    0.106111E+01
   0.624950E+02    0.770763E+03   -0.276400E+04   -0.199324E+04    0.102768E+01    0.104949E+01
   0.629950E+02    0.746549E+03   -0.273984E+04   -0.199329E+04    0.995398E+00    0.126792E+01
   0.634950E+02    0.778502E+03   -0.277181E+04   -0.199331E+04    0.103800E+01    0.100199E+01
   0.639950E+02    0.763966E+03   -0.275730E+04   -0.199333E+04    0.101862E+01    0.126947E+01
   0.644950E+02    0.768093E+03   -0.276131E+04   -0.199321E+04    0.102412E+01    0.987486E+00
   0.649950E+02    0.793283E+03   -0.278654E+04   -0.199326E+04    0.105771E+01    0.997043E+00
   0.654950E+02    0.769653E+03   -0.276287E+04   -0.199322E+04    0.102620E+01    0.113214E+01
   0.659950E+02    0.765003E+03   -0.275822E+04   -0.199322E+04    0.102000E+01    0.107382E+01
   0.664950E+02    0.774667E+03   -0.276791E+04   -0.199324E+04    0.103289E+01    0.102872E+01
   0.669950E+02    0.767038E+03   -0.276030E+04   -0.199326E+04    0.102272E+01    0.112215E+01
   0.674950E+02    0.773725E+03   -0.276699E+04   -0.199326E+04    0.103163E+01    0.115735E+01
   0.679950E+02    0.776287E+03   -0.276969E+04   -0.199340E+04    0.103505E+01    0.103618E+01
   0.684950E+02    0.793820E+03   -0.278715E+04   -0.199333E+04    0.105843E+01    0.869648E+00
   0.689950E+02    0.764364E+03   -0.275762E+04   -0.199325E+04    0.101915E+01    0.112746E+01
   0.694950E+02    0.767984E+03   -0.276126E+04   -0.199328E+04    0.102398E+01    0.116255E+01
   0.699950E+02    0.786875E+03   -0.278012E+04   -0.199325E+04    0.104917E+01    0.918252E+00
   0.704950E+02    0.795267E+03   -0.278843E+04   -0.199316E+04    0.106036E+01    0.774062E+00
   0.709950E+02    0.752950E+03   -0.274622E+04   -0.199327E+04    0.100393E+01    0.128442E+01
   0.714950E+02    0.758722E+03   -0.275201E+04   -0.199329E+04    0.101163E+01    0.121808E+01
   0.719950E+02    0.777006E+03   -0.277039E+04   -0.199338E+04    0.103601E+01    0.102544E+01
   0.724950E+02    0.754266E+03   -0.274740E+04   -0.199313E+04    0.100569E+01    0.118300E+01
   0.729950E+02    0.748145E+03   -0.274139E+04   -0.199325E+04    0.997526E+00    0.115570E+01
   0.734950E+02    0.737436E+03   -0.273082E+04   -0.199339E+04    0.983247E+00    0.134895E+01
   0.739950E+02    0.773435E+03   -0.276672E+04   -0.199328E+04    0.103125E+01    0.106155E+01
   0.744950E+02    0.796406E+03   -0.278965E+04   -0.199325E+04    0.106188E+01    0.901272E+00
   0.749950E+02    0.783256E+03   -0.277655E+04   -0.199329E+04    0.104434E+01    0.105019E+01
   0.754950E+02    0.751937E+03   -0.274532E+04   -0.199338E+04    0.100258E+01    0.139959E+01
   0.759950E+02    0.782460E+03   -0.277575E+04   -0.199329E+04    0.104328E+01    0.102740E+01
   0.764950E+02    0.753240E+03   -0.274661E+04   -0.199337E+04    0.100432E+01    0.132970E+01
   0.769950E+02    0.763213E+03   -0.275647E+04   -0.199325E+04    0.101762E+01    0.117264E+01
   0.774950E+02    0.763799E+03   -0.275700E+04   -0.199320E+04    0.101840E+01    0.123362E+01
   0.779950E+02    0.747904E+03   -0.274130E+04   -0.199340E+04    0.997205E+00    0.140542E+01
   0.784950E+02    0.791571E+03   -0.278490E+04   -0.199333E+04    0.105543E+01    0.848692E+00
   0.789950E+02    0.769612E+03   -0.276288E+04   -0.199326E+04    0.102615E+01    0.104143E+01
   0.794950E+02    0.766481E+03   -0.275977E+04   -0.199329E+04    0.102197E+01    0.114581E+01
   0.799950E+02    0.761321E+03   -0.275470E+04   -0.199337E+04    0.101509E+01    0.128924E+01
   0.804950E+02    0.771731E+03   -0.276507E+04   -0.199334E+04    0.102897E+01    0.903253E+00
   0.809950E+02    0.787776E+03   -0.278106E+04   -0.199329E+04    0.105037E+01    0.966641E+00
   0.814950E+02    0.755454E+03   -0.274878E+04   -0.199333E+04    0.100727E+01    0.117450E+01
   0.819950E+02    0.788607E+03   -0.278201E+04   -0.199340E+04    0.105148E+01    0.103031E+01
   0.824950E+02    0.742708E+03   -0.273600E+04   -0.199329E+04    0.990277E+00    0.132233E+01
   0.829950E+02    0.742867E+03   -0.273606E+04   -0.199320E+04    0.990489E+00    0.142609E+01
   0.834950E+02    0.750208E+03   -0.274349E+04   -0.199328E+04    0.100028E+01    0.112297E+01
   0.839950E+02    0.783783E+03   -0.277714E+04   -0.199336E+04    0.104504E+01    0.996045E+00
   0.844950E+02    0.771001E+03   -0.276441E+04   -0.199341E+04    0.102800E+01    0.118251E+01
   0.849950E+02    0.744157E+03   -0.273745E+04   -0.199330E+04    0.992209E+00    0.130662E+01
   0.854950E+02    0.773295E+03   -0.276667E+04   -0.199338E+04    0.103106E+01    0.102718E+01
   0.859950E+02    0.780379E+03   -0.277377E+04   -0.199339E+04    0.104050E+01    0.106097E+01
   0.864950E+02    0.784680E+03   -0.277803E+04   -0.199335E+04    0.104624E+01    0.923085E+00
   0.869950E+02    0.747160E+03   -0.274051E+04   -0.199335E+04    0.996213E+00    0.127544E+01
   0.874950E+02    0.742916E+03   -0.273633E+04   -0.199342E+04    0.990555E+00    0.130674E+01
   0.879950E+02    0.752327E+03   -0.274560E+04   -0.199327E+04    0.100310E+01    0.119114E+01
   0.884950E+02    0.777699E+03   -0.277105E+04   -0.199335E+04    0.103693E+01    0.103291E+01
   0.889950E+02    0.750409E+03   -0.274368E+04   -0.199327E+04    0.100055E+01    0.125779E+01
   0.894950E+02    0.786577E+03   -0.277999E+04   -0.199342E+04    0.104877E+01    0.937538E+00
   0.899950E+02    0.754114E+03   -0.274758E+04   -0.199346E+04    0.100549E+01    0.127317E+01
   0.904950E+02    0.790957E+03   -0.278437E+04   -0.199342E+04    0.105461E+01    0.102264E+01
   0.909950E+02    0.785765E+03   -0.277929E+04   -0.199353E+04    0.104769E+01    0.108125E+01
   0.914950E+02    0.760643E+03   -0.275409E+04   -0.199344E+04    0.101419E+01    0.111894E+01
   0.919950E+02    0.784292E+03   -0.277782E+04   -0.199353E+04    0.104572E+01    0.921687E+00
   0.924950E+02    0.769407E+03   -0.276282E+04   -0.199341E+04    0.102588E+01    0.113376E+01
   0.929950E+02    0.739550E+03   -0.273288E+04   -0.199333E+04    0.986067E+00    0.131399E+01
   0.934950E+02    0.754662E+03   -0.274806E+04   -0.199340E+04    0.100622E+01    0.120276E+01
   0.939950E+02    0.753251E+03   -0.274663E+04   -0.199338E+04    0.100433E+01    0.120700E+01
   0.944950E+02    0.786766E+03   -0.278023E+04   -0.199347E+04    0.104902E+01    0.918908E+00
   0.949950E+02    0.739040E+03   -0.273248E+04   -0.199344E+04    0.985387E+00    0.132049E+01
   0.954950E+02    0.749346E+03   -0.274267E+04   -0.199333E+04    0.999128E+00    0.126457E+01
   0.959950E+02    0.760409E+03   -0.275380E+04   -0.199339E+04    0.101388E+01    0.120166E+01
   0.964950E+02    0.755710E+03   -0.274913E+04   -0.199342E+04    0.100761E+01    0.123325E+01
   0.969950E+02    0.780106E+03   -0.277360E+04   -0.199350E+04    0.104014E+01    0.955869E+00
   0.974950E+02    0.806886E+03   -0.280029E+04   -0.199341E+04    0.107585E+01    0.789994E+00
   0.979950E+02    0.709454E+03   -0.270283E+04   -0.199337E+04    0.945939E+00    0.161576E+01
   0.984950E+02    0.776643E+03   -0.277010E+04   -0.199346E+04    0.103552E+01    0.106593E+01
   0.989950E+02    0.783519E+03   -0.277713E+04   -0.199361E+04    0.104469E+01    0.989598E+00
   0.994950E+02    0.761686E+03   -0.275504E+04   -0.199335E+04    0.101558E+01    0.129753E+01
   0.999950E+02    0.784103E+03   -0.277754E+04   -0.199344E+04    0.104547E+01    0.931123E+00
   0.100495E+03    0.777385E+03   -0.277083E+04   -0.199344E+04    0.103651E+01    0.103132E+01
   0.100995E+03    0.752647E+03   -0.274606E+04   -0.199341E+04    0.100353E+01    0.134888E+01
   0.101495E+03    0.789161E+03   -0.278258E+04   -0.199342E+04    0.105222E+01    0.100619E+01
   0.101995E+03    0.752930E+03   -0.274632E+04   -0.199339E+04    0.100391E+01    0.121438E+01
   0.102495E+03    0.779278E+03   -0.277278E+04   -0.199351E+04    0.103904E+01    0.102925E+01
   0.102995E+03    0.763478E+03   -0.275696E+04   -0.199348E+04    0.101797E+01    0.128865E+01
   0.103495E+03    0.766698E+03   -0.276014E+04   -0.199344E+04    0.102226E+01    0.116850E+01
   0.103995E+03    0.759782E+03   -0.275310E+04   -0.199331E+04    0.101304E+01    0.115249E+01
   0.104495E+03    0.779681E+03   -0.277326E+04   -0.199358E+04    0.103958E+01    0.998862E+00
   0.104995E+03    0.743270E+03   -0.273667E+04   -0.199340E+04    0.991027E+00    0.122993E+01
   0.105495E+03    0.772321E+03   -0.276578E+04   -0.199346E+04    0.102976E+01    0.112961E+01
   0.105995E+03    0.752776E+03   -0.274614E+04   -0.199337E+04    0.100370E+01    0.109353E+01
   0.106495E+03    0.756610E+03   -0.274984E+04   -0.199323E+04    0.100881E+01    0.113829E+01
   0.106995E+03    0.780353E+03   -0.277383E+04   -0.199348E+04    0.104047E+01    0.962529E+00
   0.107495E+03    0.782842E+03   -0.277628E+04   -0.199343E+04    0.104379E+01    0.104395E+01
   0.107995E+03    0.774031E+03   -0.276754E+04   -0.199351E+04    0.103204E+01    0.120356E+01
   0.108495E+03    0.780474E+03   -0.277389E+04   -0.199342E+04    0.104063E+01    0.100658E+01
   0.108995E+03    0.776036E+03   -0.276954E+04   -0.199351E+04    0.103471E+01    0.116361E+01
   0.109495E+03    0.775861E+03   -0.276924E+04   -0.199338E+04    0.103448E+01    0.101757E+01
   0.109995E+03    0.756883E+03   -0.275036E+04   -0.199347E+04    0.100918E+01    0.118819E+01
